he 4  2 28.296    1.  0.        -70.        0.        0.                      
 c12  6 92.1655   1.  0.        -70.        0.        0.                      
 o16  8 127.6239  1. -1.E+2      0.         0.        0.                      
ne20 10 160.6508  1. -1.817E+1   1.288E+0   3.468E-2  0.                      
mg24 12 198.2622  1. -1.514E+1   1.253E+0   4.071E-2  0.                      
si28 14 236.5438  1. -2.002E+1   1.324E+0   3.104E-2  0.                      
 s32 16 271.7888  1. -2.319E+1   4.331E-1   1.321E-1  0.                      
ar36 18 306.7268  1. -1.894E+1  -5.814E-3   1.697E-1  0.                      
ca40 20 342.0635  1. -4.150E+1   1.636E+0   1.483E-1  0.                      
ti44 22 375.4875  1. -1.111E+1   6.293E-1   1.732E-1  0.                      
cr48 24 411.4775  1. -6.100E+0  -3.738E-2   2.125E-1  0.                      
fe52 26 447.7163  1. -9.298E+0   1.309E+0   1.125E-1  0.                      
ni56 28 484.0129  1. -2.539E+1  -1.067E+0   3.467E-1  0.                      
-0.249935E+02-0.429702E+01-0.669304E+01 0.155903E+02-0.157387E+01 0.170588E+00
-0.902800E+01                                                                 
  c12  c12 he 4 ne20  0.804485E+02 -0.120189E+00 -0.723312E+02 -0.352444E+02  
                      0.298646E+01 -0.309013E+00  0.115815E+02                
  c12  c12  g 0 mg24 -0.539375E+04 -0.767159E+03  0.334722E+04  0.299211E+04  
                     -0.236830E+03  0.131072E+02 -0.328763E+03                
  c12  c12  g 0 mg24  0.585029E+02  0.295080E-01 -0.867002E+02  0.399457E+01  
                     -0.592835E+00 -0.277242E-01 -0.289561E+01                
  c12  o16 he 4 mg24  0.485341E+02  0.372040E+00 -0.133413E+03  0.501572E+02  
                     -0.315987E+01  0.178251E-01 -0.237027E+02                
  c12  o16  g 0 si28  0.779577E+02  0.115545E+00 -0.111345E+03 -0.742171E+01  
                      0.218086E+01 -0.399479E+00 -0.215025E+01                
  c12  o16  g 0 si28  0.685253E+02  0.205134E+00 -0.119242E+03  0.133667E+02  
                      0.295425E+00 -0.267288E+00 -0.991729E+01                
  o16  o16 he 4 si28  0.972435E+02 -0.268514E+00 -0.119324E+03 -0.322497E+02  
                      0.146214E+01 -0.200893E+00  0.132148E+02                
  o16  o16  g 0  s32  0.775491E+02 -0.373641E+00 -0.120830E+03 -0.772334E+01  
                     -0.227939E+01  0.167655E+00  0.762001E+01                
  o16  o16  g 0  s32  0.852628E+02  0.223453E+00 -0.145844E+03  0.872612E+01  
                     -0.554035E+00 -0.137562E+00 -0.688807E+01                
 he 4  c12  g 0  o16  0.184977E+02  0.482093E-02 -0.332522E+02  0.333517E+01  
                     -0.701714E+00  0.781972E-01 -0.280751E+01                
 he 4  c12  g 0  o16  0.142191E+03 -0.891608E+02  0.220435E+04 -0.238031E+04  
                      0.108931E+03 -0.531472E+01  0.136118E+04                
 he 4  o16  g 0 ne20  0.390340E+02 -0.358600E-01 -0.343457E+02 -0.251939E+02  
                      0.479855E+01 -0.146444E+01  0.634333E+01                
 he 4  o16  g 0 ne20  0.845522E+02 -0.178214E+02  0.293664E+03 -0.384974E+03  
                      0.202380E+02 -0.100379E+01  0.199693E+03                
 he 4 ne20  g 0 mg24  0.321588E+02 -0.151494E-01 -0.446410E+02 -0.833867E+01  
                      0.241631E+01 -0.778056E+00  0.193576E+01                
 he 4 ne20  g 0 mg24 -0.291641E+03 -0.120966E+02 -0.633725E+02  0.394643E+03  
                     -0.362432E+02  0.264060E+01 -0.121219E+03                
 he 4 ne20  g 0 mg24  0.335091e+03 -0.278531e+02  0.371150e+02 -0.478518e+03  
                      0.190867e+03 -0.136026e+03  0.979858e+02                
 he 4 ne20  g 0 mg24  0.945037e+02 -0.307263e+02  0.100052e+03 -0.193413e+03  
                      0.123467e+02 -0.781799e+00  0.890392e+02                
 he 4 ne20  g 0 mg24 -0.285920e+02 -0.280530e+02 -0.184674e-09  0.614357e-09  
                     -0.658195e-10  0.593159e-11 -0.150000e+01                
 he 4 mg24  g 0 si28  0.497162E+03 -0.639560E+01  0.434667E+03 -0.994288E+03  
                      0.656308E+02 -0.412503E+01  0.425446E+03                
 he 4 mg24  g 0 si28 -0.910364E+01 -0.136979E+02 -0.516428E+02  0.684625E+02  
                     -0.386512E+01  0.208028E+00 -0.335727E+02                
 he 4 mg24  g 0 si28  0.295870e+03 -0.188166e+02  0.313568e+02 -0.420950e+03  
                      0.153646e+03 -0.994849e+02  0.896754e+02                
 he 4 mg24  g 0 si28 -0.212193e+03 -0.195556e+02 -0.138367e+03  0.386800e+03  
                     -0.318112e+02  0.229938e+01 -0.142241e+03                
 he4  mg24  g 0 si28 -0.190842e+02 -0.194135e+02 -0.667037e+00  0.126867e+01  
                     -0.135734e+00  0.512599e-02 -0.198170e+01                
 he 4 si28  g 0  s32  0.150630E+03 -0.385272E+01  0.123356E+03 -0.294596E+03  
                      0.151178E+02 -0.751191E+00  0.138659E+03                
 he 4 si28  g 0  s32  0.425202e+02 -0.214891e+02 -0.523756e+02  0.128553e+02  
                      0.835160e+00 -0.114341e+00 -0.142798e+02                
 he 4  s32  g 0 ar36  0.170161E+03 -0.553249E+01  0.189200E+03 -0.385265E+03  
                      0.190066E+02 -0.902993E+00  0.187789E+03                
 he 4  s32  g 0 ar36  0.784421e+02 -0.216769e+02 -0.155052e+02 -0.661458e+02  
                      0.639617e+01 -0.469835e+00  0.195454e+02                
 he 4 ar36  g 0 ca40  0.273350E+03 -0.581918E+01  0.235076E+03 -0.552107E+03  
                      0.343283e+02 -0.201860e+01  0.245543e+03                
 he 4 ar36  g 0 ca40  0.632929e+02 -0.147882e+02 -0.294889e+02 -0.427632e+02  
                      0.514386e+01 -0.429682e+00  0.113436e+02                
 he 4 ca40  g 0 ti44  0.119007E+03 -0.429583E+01  0.105930E+03 -0.250826E+03  
                      0.109599E+02 -0.500581E+00  0.128145E+03                
 he 4 ca40  g 0 ti44  0.526041e+02 -0.409160e+02 -0.228658e+02 -0.289880e+02  
                      0.159902e+01 -0.698027e-01  0.101621e+02                
 he 4 ti44  g 0 cr48  0.810251E+02  0.426028E+01 -0.245579E+03  0.137917E+03  
                     -0.279730E+01 -0.798990E-01 -0.985192E+02                
 he 4 ti44  g 0 cr48  0.109997e+03 -0.384888e+01 -0.471364e+02 -0.913174e+02  
                      0.765928e+01 -0.546619e+00  0.302730e+02                
 he 4 cr48  g 0 fe52  0.738584E+02  0.245392E+00 -0.112044E+03  0.677191E+01  
                      0.162910E+01 -0.222223E+00 -0.163047E+02                
 he 4 cr48  g 0 fe52  0.582908e+02 -0.617374e+00 -0.807802e+02 -0.403310e+01  
                     -0.427215e+00  0.929530e-02  0.169445e+01                
 he 4 fe52  g 0 ni56  0.142427E+03 -0.509244E+01  0.104962E+03 -0.290217E+03  
                      0.163665E+02 -0.947219E+00  0.138476E+03                
 he 4 fe52  g 0 ni56  0.828725e+02 -0.367043e+01  0.305848e+02 -0.146633e+03  
                      0.665844e+01 -0.358717e+00  0.784963e+02                
